OBJECTID,FID_Train_Facilities_Transfer_Buffer_160m,Name,SourceID,SourceOID,PosAlong,SideOfEdge,CurbApproach,Status,Attr_Length,Breaks_Length,X,Y,BUFF_DIST,ORIG_FID,FID_Tram_facilities,Name_1,SourceID_1,SourceOID_1,PosAlong_1,SideOfEdge_1,CurbApproach_1,Status_1,Attr_Length_1,Breaks_Length_1,X_1,Y_1
1,118,Location 118,1,1063667,0.882763180687689,1,0,0,0.000000000000000,,327847.011745428,5804614.05164317,160.000000000000000,118,20,Location 20,1,226182,0.122607814114184,1,0,0,0.000000000000000,,327900.986900001,5804632.947
2,118,Location 118,1,1063667,0.882763180687689,1,0,0,0.000000000000000,,327847.011745428,5804614.05164317,160.000000000000000,118,21,Location 21,1,1063665,0.320994447737578,1,0,0,0.000000000000000,,327786.4778,5804654.0227
3,118,Location 118,1,1063667,0.882763180687689,1,0,0,0.000000000000000,,327847.011745428,5804614.05164317,160.000000000000000,118,22,Location 22,1,93698,0.912818802825655,1,0,0,0.000000000000000,,327695.9782,5804662.9456
4,130,Location 130,1,85561,0.769446272286686,1,0,0,0.000000000000000,,324201.010864566,5805088.01279161,160.000000000000000,130,38,Location 38,1,1067602,0.712877401194050,1,0,0,0.000000000000000,,324161.988300001,5805145.4606
5,119,Location 119,1,1017118,0.099333639621863,2,0,0,0.000000000000000,,327845.018183049,5805975.05172519,160.000000000000000,119,51,Location 51,1,365845,0.903062651836325,1,0,0,0.000000000000000,,327776.478100001,5806089.9566
6,132,Location 132,1,42391,0.000000000000000,1,0,0,0.000000000000000,,323514.991900519,5806767.96967867,160.000000000000000,132,79,Location 79,1,422081,0.183252358776923,1,0,0,0.000000000000000,,323519.0011,5806847.5446
7,120,Location 120,1,230435,0.778580658492663,2,0,0,0.000000000000000,,326655.004681507,5807194.03343793,160.000000000000000,120,89,Location 89,1,226775,0.811121421103883,2,0,0,0.000000000000000,,326507.493400002,5807209.012
8,133,Location 133,1,1070641,0.668056311423425,2,0,0,0.000000000000000,,323352.984825205,5808256.00863258,160.000000000000000,133,152,Location 152,1,826461,0.473247877408791,2,0,0,0.000000000000000,,323398.519200001,5808242.5004
9,121,Location 121,1,1061774,0.692409407335033,2,0,0,0.000000000000000,,325755.039755296,5808263.04345218,160.000000000000000,121,158,Location 158,1,139053,0.959258269842159,2,0,0,0.000000000000000,,325873.030400001,5808371.0117
10,88,Location 88,1,1061773,0.397520255791159,2,0,0,0.000000000000000,,328592.029779996,5808675.00932786,160.000000000000000,88,169,Location 169,1,39147,0.239228121714195,2,0,0,0.000000000000000,,328571.5054,5808553.465
11,88,Location 88,1,1061773,0.397520255791159,2,0,0,0.000000000000000,,328592.029779996,5808675.00932786,160.000000000000000,88,186,Location 186,1,365629,0.370705652409952,1,0,0,0.000000000000000,,328680.495,5808725.535
12,86,Location 86,1,994597,0.292545023260459,2,0,0,0.000000000000000,,326968.034771152,5810122.99447031,160.000000000000000,86,290,Location 290,1,88781,0.594668989404749,2,0,0,0.000000000000000,,326851.994500001,5810118.9953
13,135,Location 135,1,773746,0.115612930693357,2,0,0,0.000000000000000,,323337.980347319,5810210.0384423,160.000000000000000,135,293,Location 293,1,838774,0.393837163550401,1,0,0,0.000000000000000,,323320.5143,5810141.9978
14,86,Location 86,1,994597,0.292545023260459,2,0,0,0.000000000000000,,326968.034771152,5810122.99447031,160.000000000000000,86,295,Location 295,1,274688,0.915322933503017,2,0,0,0.000000000000000,,326860.995599999,5810189.0132
15,28,Location 28,1,32170,0.583920481618880,2,0,0,0.000000000000000,,330125.000568795,5811124.04832131,160.000000000000000,28,346,Location 346,1,937227,0.231406310034184,1,0,0,0.000000000000000,,330154.503,5810972.5161
16,83,Location 83,1,1068202,0.669118317520520,1,0,0,0.000000000000000,,323725.027058349,5811555.99526458,160.000000000000000,83,384,Location 384,1,818949,0.641471700032318,1,0,0,0.000000000000000,,323789.957800001,5811533.9631
17,82,Location 82,1,1071821,0.925553701628210,2,0,0,0.000000000000000,,324650.986540581,5811447.02382206,160.000000000000000,82,385,Location 385,1,376358,0.672648914995620,1,0,0,0.000000000000000,,324612.493800001,5811542.509
18,83,Location 83,1,1068202,0.669118317520520,1,0,0,0.000000000000000,,323725.027058349,5811555.99526458,160.000000000000000,83,392,Location 392,1,32006,0.015668847872352,1,0,0,0.000000000000000,,323799.5052,5811637.9962
19,83,Location 83,1,1068202,0.669118317520520,1,0,0,0.000000000000000,,323725.027058349,5811555.99526458,160.000000000000000,83,393,Location 393,1,787107,0.685453524254004,2,0,0,0.000000000000000,,323629.0015,5811658.5131
20,29,Location 29,1,1012907,0.683198326492045,2,0,0,0.000000000000000,,329149.984073508,5811652.01578449,160.000000000000000,29,397,Location 397,1,88402,0.706541853729314,2,0,0,0.000000000000000,,329063.500000001,5811711.9962
21,84,Location 84,1,1061764,0.526643807358910,1,0,0,0.000000000000000,,323111.976353671,5811801.05016239,160.000000000000000,84,398,Location 398,1,1067586,0.358530295852441,1,0,0,0.000000000000000,,323171.970000001,5811713.9713
22,84,Location 84,1,1061764,0.526643807358910,1,0,0,0.000000000000000,,323111.976353671,5811801.05016239,160.000000000000000,84,399,Location 399,1,439097,0.875397666451177,1,0,0,0.000000000000000,,323007.988100001,5811730.9801
23,80,Location 80,1,465832,0.756322688642846,1,0,0,0.000000000000000,,327179.01517383,5812176.98069319,160.000000000000000,80,421,Location 421,1,29358,0.985091293091672,2,0,0,0.000000000000000,,327086.5131,5812048.9789
24,80,Location 80,1,465832,0.756322688642846,1,0,0,0.000000000000000,,327179.01517383,5812176.98069319,160.000000000000000,80,430,Location 430,1,166603,1.000000000000000,2,0,0,0.000000000000000,,327113.9561,5812197.0384
25,80,Location 80,1,465832,0.756322688642846,1,0,0,0.000000000000000,,327179.01517383,5812176.98069319,160.000000000000000,80,436,Location 436,1,30166,0.258122902019403,1,0,0,0.000000000000000,,327108.974700002,5812278.9731
26,30,Location 30,1,421656,0.476674948444441,1,0,0,0.000000000000000,,321055.969202454,5812397.01432396,160.000000000000000,30,446,Location 446,1,421655,0.854484576150159,2,0,0,0.000000000000000,,321146.9828,5812375.0148
27,30,Location 30,1,421656,0.476674948444441,1,0,0,0.000000000000000,,321055.969202454,5812397.01432396,160.000000000000000,30,451,Location 451,1,421655,0.473434722481661,1,0,0,0.000000000000000,,321117.9772,5812425.0082
28,30,Location 30,1,421656,0.476674948444441,1,0,0,0.000000000000000,,321055.969202454,5812397.01432396,160.000000000000000,30,456,Location 456,1,167069,0.979071080515634,1,0,0,0.000000000000000,,321033.508900001,5812469.9643
29,155,Location 155,1,884159,0.315965560598607,2,0,0,0.000000000000000,,322559.970294476,5812627.00196128,160.000000000000000,155,472,Location 472,1,884160,0.227360149520030,2,0,0,0.000000000000000,,322622.9942,5812649.0111
30,155,Location 155,1,884159,0.315965560598607,2,0,0,0.000000000000000,,322559.970294476,5812627.00196128,160.000000000000000,155,473,Location 473,1,884160,0.738918295155944,1,0,0,0.000000000000000,,322549.9663,5812657.982
31,17,Location 17,1,225968,0.295261152655264,2,0,0,0.000000000000000,,320045.020342541,5813077.03468168,160.000000000000000,17,518,Location 518,1,219121,0.054212529659849,1,0,0,0.000000000000000,,320114.759500002,5813102.0134
32,19,Location 19,1,26334,0.138910472176372,2,0,0,0.000000000000000,,321562.007223105,5813213.0064329,160.000000000000000,19,521,Location 521,1,30616,0.439497952229969,2,0,0,0.000000000000000,,321554.307000002,5813163.3252
33,18,Location 18,1,1071149,0.166965109088974,1,0,0,0.000000000000000,,320651.041491836,5813316.97511975,160.000000000000000,18,522,Location 522,1,458768,0.182389610849624,1,0,0,0.000000000000000,,320582.025900001,5813186.0216
34,18,Location 18,1,1071149,0.166965109088974,1,0,0,0.000000000000000,,320651.041491836,5813316.97511975,160.000000000000000,18,530,Location 530,1,460156,0.055255518336505,1,0,0,0.000000000000000,,320800.013500001,5813263.048
35,18,Location 18,1,1071149,0.166965109088974,1,0,0,0.000000000000000,,320651.041491836,5813316.97511975,160.000000000000000,18,532,Location 532,1,458768,0.918213328732088,2,0,0,0.000000000000000,,320545.342400002,5813263.3415
36,18,Location 18,1,1071149,0.166965109088974,1,0,0,0.000000000000000,,320651.041491836,5813316.97511975,160.000000000000000,18,538,Location 538,1,460156,0.963087472601651,2,0,0,0.000000000000000,,320762.005600001,5813347.3341
37,153,Location 153,1,25703,0.493917944056939,2,0,0,0.000000000000000,,323284.976104541,5813323.03917226,160.000000000000000,153,542,Location 542,1,174184,0.637526228067759,1,0,0,0.000000000000000,,323153.006300001,5813392.0302
38,153,Location 153,1,25703,0.493917944056939,2,0,0,0.000000000000000,,323284.976104541,5813323.03917226,160.000000000000000,153,544,Location 544,1,439252,0.445918905283484,1,0,0,0.000000000000000,,323305.988700001,5813396.5397
39,147,Location 147,1,290617,0.560511458727230,1,0,0,0.000000000000000,,318548.975219095,5815690.99399004,160.000000000000000,147,666,Location 666,1,22759,0.969917271855858,2,0,0,0.000000000000000,,318610.981300001,5815578.0102
40,147,Location 147,1,290617,0.560511458727230,1,0,0,0.000000000000000,,318548.975219095,5815690.99399004,160.000000000000000,147,673,Location 673,1,773822,0.940665280188161,2,0,0,0.000000000000000,,318698.976500001,5815664.9905
41,207,Location 207,1,633053,0.294389096887197,1,0,0,0.000000000000000,,317635.959704393,5815760.96268103,160.000000000000000,207,674,Location 674,1,20721,0.578330900286820,2,0,0,0.000000000000000,,317575.494200001,5815682.5187
42,147,Location 147,1,290617,0.560511458727230,1,0,0,0.000000000000000,,318548.975219095,5815690.99399004,160.000000000000000,147,676,Location 676,1,27577,0.686235799237856,2,0,0,0.000000000000000,,318662.014800001,5815703.0331
43,146,Location 146,1,290623,0.152629155717291,2,0,0,0.000000000000000,,319674.976494505,5816486.99181473,160.000000000000000,146,712,Location 712,1,1068881,0.309157109235576,2,0,0,0.000000000000000,,319585.535600001,5816537.4887
44,142,Location 142,1,1068874,0.544716849107290,2,0,0,0.000000000000000,,320448.997554515,5819468.98262896,160.000000000000000,142,826,Location 826,1,14003,0.041711314977480,1,0,0,0.000000000000000,,320488.5299,5819382.0288