   X26_PropComm X28_Balance X31_PedConnect    X32_PBN X35_Parkiteer  X37_ACDist
1    -0.5974457 -0.63395559    -1.47009401 -0.6010003    -0.1188253 13.00420357
2    -0.5974457  0.30978634    -1.58962820 -0.6010003    -0.1188253  3.66585586
3    -0.4480810 -0.69173903    -1.05172433 -0.6010003    -0.1188253  1.60835183
4    -0.5974457  0.28037936    -1.62947293 -0.6010003    -0.1188253  3.54918949
5    -0.4467283 -0.69299503    -1.03180197 -0.6010003    -0.1188253  1.56590152
6    -0.4519562  0.09809084    -0.19506262  1.3773225    -0.1188253 -0.46096816
7    -0.5974457 -0.69698131    -1.23102562 -0.6010003    -0.1188253  1.56499415
8    -0.5974457  0.22838564    -1.66931766 -0.6010003    -0.1188253  3.44970950
9    -0.5974457 -0.50896791     0.68152146 -0.6010003    -0.1188253 -0.02424612
10   -0.5974457 -0.45456776     0.56198727 -0.6010003    -0.1188253 -0.45604228
11   -0.5974457 -0.47513818     0.72136619 -0.6010003    -0.1188253 -0.38393476
12   -0.5974457 -0.43034454     0.90066748 -0.6010003    -0.1188253 -0.56738318
13   -0.5974457 -0.34914368     0.26315179 -0.6010003    -0.1188253 -0.63499695
14   -0.5974457 -0.21090877    -0.27475208  0.3026919    -0.1188253 -0.69410701
15   -0.5974457 -0.33202681     0.04400577 -0.6010003    -0.1188253 -0.62033692
16   -0.5974457 -0.25149849    -0.37436391  0.6675366    -0.1188253 -0.71612955
17   -0.5974457 -0.48088713     1.83701866 -0.6010003    -0.1188253 -0.45159965
18   -0.5554712 -0.47722986     1.53818317 -0.6010003    -0.1188253 -0.26918642
19   -0.5974457 -0.46080737     0.92058985 -0.6010003    -0.1188253 -0.54775432
20   -0.5974457 -0.30156099    -0.27475208 -0.6010003    -0.1188253 -0.69214530
21   -0.3691088 -0.46572744     0.68152146 -0.6010003    -0.1188253 -0.13506637
22   -0.5974457 -0.41247114     0.82097802 -0.3018106    -0.1188253 -0.68978112
23   -0.5974457 -0.73548810     0.46237544 -0.6010003    -0.1188253 -0.39262826
24   -0.5974457 -0.42191008     0.76121092 -0.6010003    -0.1188253 -0.39054046
25   -0.5947065 -0.66908892     0.98035694 -0.6010003    -0.1188253 -0.53056846
26   -0.3730482 -0.45760368     0.44245308 -0.6010003    -0.1188253 -0.01933162
27   -0.4652268 -0.59510050     0.60183200 -0.6010003    -0.1188253 -0.39692212
28   -0.5974457 -0.25330511    -0.47397573  1.3773795    -0.1188253 -0.79688718
29   -0.5974457 -0.51850246     0.90066748 -0.6010003    -0.1188253 -0.06981786
30   -0.4052438 -0.54474771     0.80105565 -0.6010003    -0.1188253  0.22934882
31   -0.5974457 -0.48179646     0.54206490 -0.6010003    -0.1188253 -0.27214058
32   -0.5974457 -0.48350841     0.94051221 -0.6010003    -0.1188253 -0.34538755
33   -0.4989960 -0.49984719     0.86082275 -0.6010003    -0.1188253 -0.46034680
34   -0.5974457 -0.36558070     0.52214254  0.9607804    -0.1188253 -0.76498758
35   -0.4629954 -0.54340022     1.33895952 -0.6010003    -0.1188253 -0.45703058
36   -0.5974457 -0.50656964     1.17958060 -0.6010003    -0.1188253 -0.70617845
37   -0.5974457 -0.31627564     0.04400577 -0.6010003    -0.1188253 -0.84419124
38   -0.5974457 -0.73985607    -1.54978347 -0.6010003    -0.1188253  7.50718398
39   -0.5974457 -0.01803114    -1.50993874 -0.6010003    -0.1188253  7.44697601
40   -0.5974457  0.24263246    -1.66931766 -0.6010003    -0.1188253  3.42293028
41   -0.5974457 -0.67059967    -1.68924003  1.3696145    -0.1188253 11.44018729
42   -0.5974457 -0.59317481    -1.49001637 -0.6010003    -0.1188253 12.56340441
43   -0.5974457 -0.69576165    -1.54978347 -0.6010003    -0.1188253 12.23420156
44   -0.5974457 -0.73112300    -1.49001637 -0.6010003    -0.1188253 12.08153827
45   -0.5974457 -0.57389022    -1.58962820 -0.6010003    -0.1188253 12.69624315
46   -0.5974457 -0.72742513    -1.35055981 -0.6010003    -0.1188253 11.88688682
47   -0.5974457 -0.42931155    -1.60955056 -0.6010003    -0.1188253  2.73674540
48   -0.5804764  1.33870775     0.04400577  0.7657350    -0.1188253  0.10596969
49   -0.5537775  1.18540324    -0.19506262 -0.6010003    -0.1188253  0.05012879
50   -0.5707455  0.66724160    -0.61343229 -0.6010003    -0.1188253 -0.15970206
51   -0.4310038  0.94575830    -0.25482971 -0.6010003    -0.1188253 -0.01668247
52   -0.4286920  0.71957321    -0.57358756 -0.6010003    -0.1188253 -0.11609349
53   -0.3386957  0.77623669    -0.21498498 -0.6010003    -0.1188253 -0.06690602
54   -0.4243766 -0.76035785    -1.11149143 -0.6010003    -0.1188253  8.38315114
55   -0.5281317  0.65018118    -0.63335466 -0.6010003    -0.1188253 -0.21131844
56   -0.5974457 -0.72775810    -0.89234541  1.2633756    -0.1188253 10.93243044
57   -0.5864694 -0.76187500    -1.33063745  1.3428469    -0.1188253  9.29621330
58   -0.5900660 -0.76577479    -1.09156906  1.2730755    -0.1188253  9.40065192
59   -0.5765415 -0.74789933    -1.52986110  1.3271586    -0.1188253  9.25903525
60   -0.5974457 -0.47715798    -1.39040454 -0.6010003    -0.1188253  1.84234092
61   -0.5974457 -0.67281903    -1.29079272 -0.6010003    -0.1188253  1.61149754
62   -0.5784112 -0.74887856    -1.49001637  1.2264538    -0.1188253  9.32310419
   X38_ACCount    X39._FTZ X40_Parking X41_PropUrban X42_PropRural X43_EmpAccess
1   -0.3683747 -0.08141739   -0.142449    -3.6617588   -0.18068179    -0.4564831
2   -0.3683747 -0.08141739   -0.142449    -3.6617588   -0.18068179    -0.4564831
3   -0.3683747 -0.08141739   -0.142449    -3.5462236   -0.18068179    -0.4564829
4   -0.3683747 -0.08141739   -0.142449    -3.6617588   -0.18068179    -0.4564798
5   -0.3683747 -0.08141739   -0.142449    -3.5451772   -0.18068179    -0.4564789
6   -0.3683747 -0.08141739   -0.142449     0.6863147    6.70186469    -0.4564765
7   -0.3683747 -0.08141739   -0.142449    -3.6617588   -0.18068179    -0.4564602
8   -0.3683747 -0.08141739   -0.142449    -3.6617588   -0.18068179    -0.4564418
9   -0.3683747 -0.08141739   -0.142449     1.0813170   -0.18068179    -0.4564159
10  -0.3683747 -0.08141739   -0.142449     1.0813170   -0.18068179    -0.4564060
11  -0.3683747 -0.08141739   -0.142449     1.0813170   -0.18068179    -0.4564060
12  -0.3683747 -0.08141739   -0.142449     1.0653545   -0.18068179    -0.4564060
13  -0.3683747 -0.08141739   -0.142449     1.0645015   -0.18068179    -0.4564060
14  -0.3683747 -0.08141739   -0.142449     1.0642486   -0.18068179    -0.4564060
15  -0.3683747 -0.08141739   -0.142449     1.0698906   -0.18068179    -0.4564060
16  -0.3683747 -0.08141739   -0.142449     1.0638858   -0.18068179    -0.4564060
17  -0.3683747 -0.08141739   -0.142449     1.0811630   -0.18068179    -0.4564058
18  -0.3683747 -0.08141739   -0.142449     1.0813170   -0.18068179    -0.4564058
19  -0.3683747 -0.08141739   -0.142449     1.0640864   -0.18068179    -0.4564058
20  -0.3683747 -0.08141739   -0.142449     1.0629220   -0.18068179    -0.4564058
21  -0.3683747 -0.08141739   -0.142449     1.0813170   -0.18068179    -0.4564058
22  -0.3683747 -0.08141739   -0.142449     1.0653031   -0.18068179    -0.4564058
23  -0.3683747 -0.08141739   -0.142449     0.6666728   -0.18068179    -0.4564058
24  -0.3683747 -0.08141739   -0.142449     1.0813170   -0.18068179    -0.4564058
25  -0.3683747 -0.08141739   -0.142449     1.0622952   -0.18068179    -0.4564058
26  -0.3683747 -0.08141739   -0.142449     1.0813170   -0.18068179    -0.4564058
27  -0.3683747 -0.08141739   -0.142449     1.0435305   -0.18068179    -0.4564058
28   2.5933916 -0.08141739   -0.142449     1.0625669   -0.18068179    -0.4564058
29  -0.3683747 -0.08141739   -0.142449     1.0813170   -0.18068179    -0.4564058
30  -0.3683747 -0.08141739   -0.142449     1.0813170   -0.18068179    -0.4564058
31  -0.3683747 -0.08141739   -0.142449     1.0813170   -0.18068179    -0.4564044
32  -0.3683747 -0.08141739   -0.142449     1.0813170   -0.18068179    -0.4564044
33  -0.3683747 -0.08141739   -0.142449     1.0813170   -0.18068179    -0.4564044
34   2.5933916 -0.08141739   -0.142449     1.0651218   -0.18068179    -0.4564044
35  -0.3683747 -0.08141739   -0.142449     1.0813170   -0.18068179    -0.4564044
36  -0.3683747 -0.08141739   -0.142449     1.0666404   -0.18068179    -0.4564044
37   2.5933916 -0.08141739   -0.142449     1.0602835   -0.18068179    -0.4564044
38  -0.3683747 -0.08141739   -0.142449    -3.6617588   -0.18068179    -0.4564029
39  -0.3683747 -0.08141739   -0.142449    -3.3098374   -0.18068179    -0.4563919
40  -0.3683747 -0.08141739   -0.142449    -3.6617588   -0.18068179    -0.4563918
41  -0.3683747 -0.08141739   -0.142449    -3.4769877   -0.18068179    -0.4563647
42  -0.3683747 -0.08141739   -0.142449    -3.6617588   -0.18068179    -0.4563375
43  -0.3683747 -0.08141739   -0.142449    -3.6227358   -0.18068179    -0.4563247
44  -0.3683747 -0.08141739   -0.142449    -3.6149805   -0.18068179    -0.4563245
45  -0.3683747 -0.08141739   -0.142449    -3.6617588   -0.18068179    -0.4563161
46  -0.3683747 -0.08141739   -0.142449    -3.6189666   -0.18068179    -0.4563107
47  -0.3683747 -0.08141739   -0.142449    -3.6617588   -0.18068179    -0.4562585
48  -0.3683747 -0.08141739   -0.142449     0.5910365    2.35684507    -0.4562580
49  -0.3683747 -0.08141739   -0.142449     0.6021164   -0.18068179    -0.4562580
50  -0.3683747 -0.08141739   -0.142449     0.9391076   -0.09583316    -0.4562580
51  -0.3683747 -0.08141739   -0.142449     0.4915393   -0.18068179    -0.4562580
52  -0.3683747 -0.08141739   -0.142449     0.6657347   -0.18068179    -0.4562580
53  -0.3683747 -0.08141739   -0.142449     0.5125088   -0.18068179    -0.4562580
54  -0.3683747 -0.08141739   -0.142449    -0.8464694   -0.18068179    -0.4562461
55  -0.3683747 -0.08141739   -0.142449     0.9214188    0.13237353    -0.4562441
56  -0.3683747 -0.08141739   -0.142449    -0.6615157   -0.18068179    -0.4562248
57  -0.3683747 -0.08141739   -0.142449    -3.6428730   -0.18068179    -0.4562234
58  -0.3683747 -0.08141739   -0.142449    -3.6460965   -0.18068179    -0.4562221
59  -0.3683747 -0.08141739   -0.142449    -3.1902692   -0.18068179    -0.4562199
60  -0.3683747 -0.08141739   -0.142449    -3.6617588   -0.18068179    -0.4562188
61  -0.3683747 -0.08141739   -0.142449    -3.6617588   -0.18068179    -0.4562143
62  -0.3683747 -0.08141739   -0.142449    -3.2326937   -0.18068179    -0.4562136
       Factor1      Factor2     Factor3 Cluster
1  -2.04068879  0.270463966 -0.84927825       2
2  -1.74227914  0.288264220 -1.00583000       2
3  -0.88248478  0.176755578 -1.03048485       2
4  -1.70277570  0.290517048 -1.02495819       2
5  -0.90356623  0.173256613 -1.01348264       2
6   0.70806401 -0.257148325  0.66405551       4
7  -1.49415985  0.147607472 -0.69391298       2
8  -1.74616082  0.287137486 -1.00076818       2
9  -1.10205584 -0.472877009  1.13233313       4
10 -1.45190402 -0.350115585  0.99844817       4
11 -1.55141320 -0.349823856  0.99402217       4
12 -0.10591934 -0.277877526  0.23165582       4
13  0.70548150 -0.099469733 -0.59345306       4
14  0.73578836  0.046891964 -1.04915369       4
15  0.03209114 -0.098520561 -0.33019478       4
16  0.73859700  0.011939230 -0.94373587       4
17 -0.73507113 -0.398457290  0.81662927       4
18 -0.20738002 -0.353254470  0.42023952       4
19  0.08738798 -0.343554567  0.33213251       4
20  0.81688675 -0.035251832 -0.82335173       4
21 -0.02640586 -0.313534615  0.23138341       4
22  0.64982686 -0.217413705 -0.24488450       4
23 -1.03747215 -0.583350575  1.31236278       4
24 -0.33610853 -0.254735806  0.28856681       4
25 -1.00689842 -0.488828517  1.06685416       4
26  0.11669335 -0.286904527  0.10586836       4
27  0.17237044 -0.498142545  0.64461732       4
28  0.77686936  0.010943236 -0.95205226       3
29 -1.12727070 -0.512483098  1.26259211       4
30 -0.02014028 -0.390148099  0.42182002       4
31 -1.27812093 -0.176796386  0.30990565       4
32 -1.42183448 -0.309256908  0.80402019       4
33 -0.97935310 -0.456422354  1.05142906       4
34  0.94510825 -0.118885330 -0.63622366       3
35  0.03738033 -0.497377963  0.73276830       4
36  0.39198922 -0.311642702  0.07937520       4
37  0.80279063 -0.064669115 -0.75691591       3
38 -1.81222416  0.278152050 -0.96267433       2
39 -1.78425916  0.293326669 -1.01677101       2
40 -1.74655598  0.287336441 -1.00121602       2
41 -1.59138800  0.270971498 -1.05079300       2
42 -1.97990591  0.276798022 -0.88949613       2
43 -1.96290435  0.263051993 -0.85447394       2
44 -1.95901093  0.243262441 -0.79614336       2
45 -1.98386852  0.277879711 -0.89094229       2
46 -1.98806898  0.244423366 -0.79154223       2
47 -1.96569323  0.277733915 -0.89583236       2
48  0.33553333  0.041799907 -0.05757591       4
49  0.28358829  0.007359936  0.02952894       4
50  0.28175811 -0.106686742  0.26227698       4
51  1.18183379 -0.007744048 -0.34743629       4
52  1.13066503 -0.058244740 -0.22974495       4
53  1.53486385 -0.021744699 -0.48805538       4
54 -1.37229570  0.161241985 -0.82567639       2
55  0.60124894 -0.097338072  0.10110435       4
56 -1.57723932  0.247277017 -0.98510196       2
57 -1.67778894  0.148337774 -0.63495179       2
58 -1.93522980  0.090231462 -0.35030310       2
59 -1.83820641  0.217956818 -0.77134905       2
60 -1.54576466  0.266431361 -1.01301263       2
61 -1.41061849  0.188449702 -0.84465681       2
62 -1.66649694  0.216522431 -0.84661575       2
 [ reached 'max' / getOption("max.print") -- omitted 10567 rows ]
