OBJECTID,FID_Train_Facilities_Transfer_Buffer_160m,Name,SourceID,SourceOID,PosAlong,SideOfEdge,CurbApproach,Status,Attr_Length,Breaks_Length,X,Y,BUFF_DIST,ORIG_FID,FID_Bus_Facilities,Name_1,SourceID_1,SourceOID_1,PosAlong_1,SideOfEdge_1,CurbApproach_1,Status_1,Attr_Length_1,Breaks_Length_1,X_1,Y_1
1,5,Location 5,1,1069495,0.712041385205298,1,0,0,0.000000000000000,,341812.956648106,5753352.03662736,160.000000000000000,5,207,Location 207,1,1005763,0.801455599163960,2,0,0,0.000000000000000,,341864.521000001,5753409.0013
2,6,Location 6,1,992576,0.889174952328549,2,0,0,0.000000000000000,,340765.040594845,5755179.03646435,160.000000000000000,6,252,Location 252,1,1053720,0.716638338224977,2,0,0,0.000000000000000,,340655.983,5755127.0371
3,9,Location 9,1,1053724,0.625215480538880,2,0,0,0.000000000000000,,340364.007187001,5767609.99573638,160.000000000000000,9,392,Location 392,1,293066,0.981720478238585,1,0,0,0.000000000000000,,340452.029400001,5767599.9622
4,9,Location 9,1,1053724,0.625215480538880,2,0,0,0.000000000000000,,340364.007187001,5767609.99573638,160.000000000000000,9,396,Location 396,1,293068,0.782984824842100,2,0,0,0.000000000000000,,340346.0223,5767700.0035
5,31,Location 31,1,1069491,0.148872628451798,1,0,0,0.000000000000000,,335794.975112188,5776661.00706507,160.000000000000000,31,613,Location 613,1,279932,0.014241801152352,1,0,0,0.000000000000000,,335767.634400001,5776670.1274
6,32,Location 32,1,371617,0.644033117030650,2,0,0,0.000000000000000,,336547.970067565,5779035.00323329,160.000000000000000,32,681,Location 681,1,371617,0.253635075712928,1,0,0,0.000000000000000,,336537.0127,5779074.0246
7,33,Location 33,1,481165,0.825418044623723,2,0,0,0.000000000000000,,335888.964641675,5780989.00380221,160.000000000000000,33,744,Location 744,1,995261,0.308805716921075,1,0,0,0.000000000000000,,335911.996100001,5780976.664
8,62,Location 62,1,422921,0.846925632547152,1,0,0,0.000000000000000,,349240.00150416,5781745.03417149,160.000000000000000,62,3758,Location 3758,1,422451,0.820329535832392,2,0,0,0.000000000000000,,349247.820500001,5781701.1852
9,63,Location 63,1,480197,0.544237773563993,2,0,0,0.000000000000000,,347698.966299724,5783996.05233617,160.000000000000000,63,3805,Location 3805,1,1064769,0.994304859049020,2,0,0,0.000000000000000,,347770.500100002,5783942.9968
10,215,Location 215,1,1070118,0.386534381570199,2,0,0,0.000000000000000,,362970.998502586,5785123.05232737,160.000000000000000,215,3869,Location 3869,1,1008496,0.648707871410596,1,0,0,0.000000000000000,,363023.0054,5785021.038
11,215,Location 215,1,1070118,0.386534381570199,2,0,0,0.000000000000000,,362970.998502586,5785123.05232737,160.000000000000000,215,3880,Location 3880,1,1051385,0.115196183355537,2,0,0,0.000000000000000,,362929.5222,5785220.9697
12,214,Location 214,1,1051002,0.320809105747597,2,0,0,0.000000000000000,,346404.989606219,5786376.01950077,160.000000000000000,214,3958,Location 3958,1,1049396,0.488983901398040,1,0,0,0.000000000000000,,346358.001900001,5786321.9592
13,214,Location 214,1,1051002,0.320809105747597,2,0,0,0.000000000000000,,346404.989606219,5786376.01950077,160.000000000000000,214,3967,Location 3967,1,411499,0.651331262976821,2,0,0,0.000000000000000,,346558.029800002,5786378.017
14,36,Location 36,1,59716,0.644890497237068,2,0,0,0.000000000000000,,334702.970464069,5786745.04211824,160.000000000000000,36,847,Location 847,1,59716,0.380983575376840,1,0,0,0.000000000000000,,334731.038399999,5786727.0176
15,58,Location 58,1,1054234,0.373001856558091,2,0,0,0.000000000000000,,356640.022194235,5787285.03954882,160.000000000000000,58,4030,Location 4030,1,1051520,1.000000000000000,2,0,0,0.000000000000000,,356659.744699999,5787278.0049
16,37,Location 37,1,1053760,0.277234769290987,2,0,0,0.000000000000000,,334013.039890925,5788274.00265142,160.000000000000000,37,883,Location 883,1,96472,0.491695960631276,1,0,0,0.000000000000000,,334099.9963,5788268.7783
17,59,Location 59,1,1071244,0.883650534659103,2,0,0,0.000000000000000,,354833.991921477,5788410.03221275,160.000000000000000,59,4077,Location 4077,1,1071243,0.395295260626633,1,0,0,0.000000000000000,,354917.498700001,5788383.9908
18,38,Location 38,1,59302,0.789604279706301,1,0,0,0.000000000000000,,333428.033190503,5789465.02237586,160.000000000000000,38,911,Location 911,1,59135,0.581324668321871,2,0,0,0.000000000000000,,333506.987600001,5789352.9602
19,38,Location 38,1,59302,0.789604279706301,1,0,0,0.000000000000000,,333428.033190503,5789465.02237586,160.000000000000000,38,913,Location 913,1,59302,0.166734054697265,2,0,0,0.000000000000000,,333425.966199999,5789537.9728
20,60,Location 60,1,422956,0.331935837814478,2,0,0,0.000000000000000,,351143.965508977,5789742.03446625,160.000000000000000,60,4175,Location 4175,1,1051374,0.744329088686467,2,0,0,0.000000000000000,,351077.9885,5789848.0009
21,61,Location 61,1,1070115,0.659270310461283,2,0,0,0.000000000000000,,348122.017079259,5790804.04280793,160.000000000000000,61,4209,Location 4209,1,1048863,0.762416719109659,1,0,0,0.000000000000000,,348219.987399999,5790803.5356
22,39,Location 39,1,1052316,0.120474956651040,2,0,0,0.000000000000000,,332108.968725446,5791728.99400234,160.000000000000000,39,959,Location 959,1,1003804,0.469211764844248,2,0,0,0.000000000000000,,332125.5191,5791783.009
23,40,Location 40,1,58328,0.997672039162397,1,0,0,0.000000000000000,,331083.015889575,5793206.98054346,160.000000000000000,40,1014,Location 1014,1,96186,0.456274526683772,2,0,0,0.000000000000000,,331137.501300001,5793202.5039
24,40,Location 40,1,58328,0.997672039162397,1,0,0,0.000000000000000,,331083.015889575,5793206.98054346,160.000000000000000,40,1024,Location 1024,1,1062617,0.508645303024077,1,0,0,0.000000000000000,,330994.4669,5793326.9908
25,64,Location 64,1,1036658,0.321176474467578,1,0,0,0.000000000000000,,342790.967847195,5793785.99009953,160.000000000000000,64,1073,Location 1073,1,1036667,0.288041605374670,1,0,0,0.000000000000000,,342780.6926,5793821.6048
26,41,Location 41,1,998488,0.756338330484964,1,0,0,0.000000000000000,,330077.007964871,5794431.04489951,160.000000000000000,41,1132,Location 1132,1,1063673,0.492976309306972,2,0,0,0.000000000000000,,330026.5092,5794440.4831
27,41,Location 41,1,998488,0.756338330484964,1,0,0,0.000000000000000,,330077.007964871,5794431.04489951,160.000000000000000,41,1141,Location 1141,1,55139,0.743463561692962,2,0,0,0.000000000000000,,330146.673,5794516.6791
28,65,Location 65,1,834121,0.537892289162285,2,0,0,0.000000000000000,,341173.976730809,5795054.94814364,160.000000000000000,65,1198,Location 1198,1,715212,0.542333424819527,2,0,0,0.000000000000000,,341286.986899999,5795022.9562
29,65,Location 65,1,834121,0.537892289162285,2,0,0,0.000000000000000,,341173.976730809,5795054.94814364,160.000000000000000,65,1206,Location 1206,1,962448,0.050238097370636,1,0,0,0.000000000000000,,341165.051900002,5795117.0475
30,42,Location 42,1,1010812,0.066367266987601,1,0,0,0.000000000000000,,329110.006126924,5796099.98852001,160.000000000000000,42,1276,Location 1276,1,417574,0.488296703069806,1,0,0,0.000000000000000,,329206.9887,5796056.0508
31,66,Location 66,1,51904,0.969892020435662,2,0,0,0.000000000000000,,339862.023411288,5796252.99313871,160.000000000000000,66,1300,Location 1300,1,52089,0.964574708200846,1,0,0,0.000000000000000,,339822.997500001,5796310.9476
32,124,Location 124,1,51728,0.046306536924803,2,0,0,0.000000000000000,,324678.968042208,5797818.01910214,160.000000000000000,124,1446,Location 1446,1,51728,0.137911989928164,1,0,0,0.000000000000000,,324652.017400001,5797806.0045
33,48,Location 48,1,998253,1.000000000000000,2,0,0,0.000000000000000,,327953.017757135,5798099.00094926,160.000000000000000,48,1465,Location 1465,1,49385,0.523389342174939,2,0,0,0.000000000000000,,327906.4858,5798071.0472
34,89,Location 89,1,159402,0.797404209199450,2,0,0,0.000000000000000,,337760.015352838,5798178.97617834,160.000000000000000,89,1486,Location 1486,1,159402,0.259711579100938,2,0,0,0.000000000000000,,337731.2577,5798194.0027
35,125,Location 125,1,1071201,0.539437809673872,1,0,0,0.000000000000000,,324378.038231512,5799182.98016155,160.000000000000000,125,1570,Location 1570,1,1067624,0.906602300453619,1,0,0,0.000000000000000,,324446.012500001,5799113.0555
36,125,Location 125,1,1071201,0.539437809673872,1,0,0,0.000000000000000,,324378.038231512,5799182.98016155,160.000000000000000,125,1583,Location 1583,1,1072406,0.473083369201280,1,0,0,0.000000000000000,,324378.955499999,5799225.9619
37,113,Location 113,1,999740,0.622791325484526,1,0,0,0.000000000000000,,327468.974154958,5799651.03138271,160.000000000000000,113,1631,Location 1631,1,778217,0.469086314007142,1,0,0,0.000000000000000,,327462.357,5799574.3285
38,113,Location 113,1,999740,0.622791325484526,1,0,0,0.000000000000000,,327468.974154958,5799651.03138271,160.000000000000000,113,1660,Location 1660,1,1001145,0.512715395772805,1,0,0,0.000000000000000,,327397.0259,5799781.9528
39,91,Location 91,1,996217,0.531166858203145,1,0,0,0.000000000000000,,334811.969335087,5800875.94976181,160.000000000000000,91,1777,Location 1777,1,1077590,0.075805980895691,1,0,0,0.000000000000000,,334732.0143,5800759.4975
40,91,Location 91,1,996217,0.531166858203145,1,0,0,0.000000000000000,,334811.969335087,5800875.94976181,160.000000000000000,91,1792,Location 1792,1,1014732,0.165331447928731,1,0,0,0.000000000000000,,334813.015900001,5800881.962
41,115,Location 115,1,998866,0.757012842632207,2,0,0,0.000000000000000,,327451.989198648,5801529.95247187,160.000000000000000,115,1859,Location 1859,1,1058282,0.940234377751969,2,0,0,0.000000000000000,,327491.6731,5801438.6429
42,127,Location 127,1,96963,0.299943956674667,2,0,0,0.000000000000000,,323868.991260125,5801708.04501915,160.000000000000000,127,1892,Location 1892,1,51513,0.123874267081584,1,0,0,0.000000000000000,,323902.6586,5801629.688
43,116,Location 116,1,1069476,0.137977780306924,2,0,0,0.000000000000000,,327550.002424582,5802322.00392568,160.000000000000000,116,1991,Location 1991,1,1069479,0.972928264487933,1,0,0,0.000000000000000,,327560.9981,5802239.0275
44,92,Location 92,1,1010806,0.103263799851699,2,0,0,0.000000000000000,,333183.971343524,5802360.03735192,160.000000000000000,92,2019,Location 2019,1,1007344,0.538253747505078,2,0,0,0.000000000000000,,333243.9912,5802360.6118
45,128,Location 128,1,1071192,0.777906360844498,1,0,0,0.000000000000000,,324398.996557884,5802857.02373051,160.000000000000000,128,2091,Location 2091,1,156966,0.671479579405853,1,0,0,0.000000000000000,,324351.987700001,5802769.2301
46,97,Location 97,1,1062345,0.258874588520876,2,0,0,0.000000000000000,,294357.998885659,5802770.00525423,160.000000000000000,97,2101,Location 2101,1,1071229,0.553726063624162,1,0,0,0.000000000000000,,294324.2831,5802839.1477
47,20,Location 20,1,421999,0.436885468732547,1,0,0,0.000000000000000,,355415.974940797,5802995.01048796,160.000000000000000,20,4626,Location 4626,1,422000,0.793232919866505,1,0,0,0.000000000000000,,355393.744900001,5802946.4726
48,117,Location 117,1,1036691,0.048691139355548,1,0,0,0.000000000000000,,327648.964000723,5803111.96275311,160.000000000000000,117,2133,Location 2133,1,1058836,0.322571738457648,1,0,0,0.000000000000000,,327657.542500001,5803036.983
49,21,Location 21,1,920468,0.768075596677989,1,0,0,0.000000000000000,,354333.036169888,5803085.05474309,160.000000000000000,21,4632,Location 4632,1,920471,0.623096288818381,1,0,0,0.000000000000000,,354420.9926,5803059.4766
50,93,Location 93,1,1062346,0.525763718108043,1,0,0,0.000000000000000,,331924.011172319,5803516.01600905,160.000000000000000,93,2226,Location 2226,1,1004482,0.461398177153464,1,0,0,0.000000000000000,,331843.676300001,5803476.996
51,22,Location 22,1,422360,0.808150957046716,1,0,0,0.000000000000000,,353298.968824114,5803557.99641698,160.000000000000000,22,4647,Location 4647,1,422359,0.028757012491535,1,0,0,0.000000000000000,,353348.4753,5803522.0323
52,93,Location 93,1,1062346,0.525763718108043,1,0,0,0.000000000000000,,331924.011172319,5803516.01600905,160.000000000000000,93,2254,Location 2254,1,1069500,0.670901483402822,2,0,0,0.000000000000000,,331858.2136,5803599.989
53,129,Location 129,1,1070650,1.000000000000000,1,0,0,0.000000000000000,,324516.961629877,5803769.00764274,160.000000000000000,129,2272,Location 2272,1,1071865,0.084806143168911,2,0,0,0.000000000000000,,324509.0013,5803692.5104
54,94,Location 94,1,195998,0.708145464783288,1,0,0,0.000000000000000,,330972.991736092,5804106.03264749,160.000000000000000,94,2350,Location 2350,1,92901,0.814645919924927,2,0,0,0.000000000000000,,330895.016800001,5804089.9909
55,94,Location 94,1,195998,0.708145464783288,1,0,0,0.000000000000000,,330972.991736092,5804106.03264749,160.000000000000000,94,2370,Location 2370,1,44466,0.645763081690553,2,0,0,0.000000000000000,,330899.0332,5804206.9702
56,95,Location 95,1,1004493,0.385647224703287,2,0,0,0.000000000000000,,330060.010663183,5804607.0356311,160.000000000000000,95,2441,Location 2441,1,1040890,0.559033350192278,2,0,0,0.000000000000000,,329965.334,5804633.8442
57,98,Location 98,1,215100,0.858114156194978,2,0,0,0.000000000000000,,297817.005534501,5804644.02013737,160.000000000000000,98,2448,Location 2448,1,215100,0.409436807919220,2,0,0,0.000000000000000,,297800.155600001,5804683.358
58,43,Location 43,1,1065877,0.471195832665329,2,0,0,0.000000000000000,,351183.984055735,5804742.96662638,160.000000000000000,43,4715,Location 4715,1,1065878,0.294365512231994,2,0,0,0.000000000000000,,351278.0341,5804697.9942
59,96,Location 96,1,1004495,0.367600927052133,1,0,0,0.000000000000000,,329276.993304673,5805030.05310673,160.000000000000000,96,2499,Location 2499,1,397698,0.903599517727537,1,0,0,0.000000000000000,,329192.952800001,5804971.0168
60,130,Location 130,1,85561,0.769446272286686,1,0,0,0.000000000000000,,324201.010864566,5805088.01279161,160.000000000000000,130,2515,Location 2515,1,1017120,0.350071483467372,2,0,0,0.000000000000000,,324156.6553,5805051.6851
61,130,Location 130,1,85561,0.769446272286686,1,0,0,0.000000000000000,,324201.010864566,5805088.01279161,160.000000000000000,130,2523,Location 2523,1,45063,0.770894965995111,2,0,0,0.000000000000000,,324308.0292,5805114.9552
62,44,Location 44,1,294449,0.654383971066663,1,0,0,0.000000000000000,,350081.977447169,5805940.99885065,160.000000000000000,44,4793,Location 4793,1,422347,0.111691298351202,1,0,0,0.000000000000000,,350042.9991,5805911.9806
63,49,Location 49,1,379051,0.350100471684648,2,0,0,0.000000000000000,,338363.039452999,5805962.00888202,160.000000000000000,49,2691,Location 2691,1,379047,0.181482047994534,1,0,0,0.000000000000000,,338401.893199999,5805980.8996
64,131,Location 131,1,1062341,0.442513968281462,1,0,0,0.000000000000000,,323682.037778285,5806059.04830923,160.000000000000000,131,2692,Location 2692,1,1072405,0.412874626240887,1,0,0,0.000000000000000,,323664.508700001,5805988.4506
65,119,Location 119,1,1017118,0.099333639621863,2,0,0,0.000000000000000,,327845.018183049,5805975.05172519,160.000000000000000,119,2699,Location 2699,1,1062342,0.486011454498406,1,0,0,0.000000000000000,,327808.232,5805995.0095
66,50,Location 50,1,466440,0.586385970300306,1,0,0,0.000000000000000,,337275.957919807,5806303.95770303,160.000000000000000,50,2729,Location 2729,1,166412,0.643432776575583,1,0,0,0.000000000000000,,337286.9737,5806249.5071
67,217,Location 217,1,1072352,0.454634545445632,1,0,0,0.000000000000000,,301870.023756885,5806232.0370262,160.000000000000000,217,2734,Location 2734,1,1072352,0.677771099362581,1,0,0,0.000000000000000,,301891.0222,5806256.9931
68,51,Location 51,1,994553,0.347486997920332,1,0,0,0.000000000000000,,335363.026190879,5806374.02902199,160.000000000000000,51,2732,Location 2732,1,396863,0.761949632315823,2,0,0,0.000000000000000,,335444.0061,5806263.0338
69,15,Location 15,1,1067019,0.059530066909414,2,0,0,0.000000000000000,,332071.997085629,5806402.02447965,160.000000000000000,15,2747,Location 2747,1,227057,0.703085704308619,1,0,0,0.000000000000000,,332160.9623,5806324.5249
70,51,Location 51,1,994553,0.347486997920332,1,0,0,0.000000000000000,,335363.026190879,5806374.02902199,160.000000000000000,51,2760,Location 2760,1,465183,0.854864367004707,1,0,0,0.000000000000000,,335319.956700002,5806402.0249
71,51,Location 51,1,994553,0.347486997920332,1,0,0,0.000000000000000,,335363.026190879,5806374.02902199,160.000000000000000,51,2768,Location 2768,1,44125,0.310726073907504,1,0,0,0.000000000000000,,335470.988400002,5806445.0181
72,100,Location 100,1,1064226,0.390634456846063,2,0,0,0.000000000000000,,303036.961665409,5806621.99322857,160.000000000000000,100,2797,Location 2797,1,1064224,0.473548884923646,1,0,0,0.000000000000000,,303054.0073,5806571.4942
73,102,Location 102,1,40440,0.922827686659777,1,0,0,0.000000000000000,,309094.023855099,5806704.95581117,160.000000000000000,102,2796,Location 2796,1,881545,0.027863807712609,1,0,0,0.000000000000000,,309161.969400001,5806572.4687
74,16,Location 16,1,987170,0.793794314613550,2,0,0,0.000000000000000,,333954.985355362,5806529.04347723,160.000000000000000,16,2813,Location 2813,1,40246,0.869374379525898,2,0,0,0.000000000000000,,333840.989800001,5806619.9822
75,102,Location 102,1,40440,0.922827686659777,1,0,0,0.000000000000000,,309094.023855099,5806704.95581117,160.000000000000000,102,2826,Location 2826,1,41070,0.851642980720213,1,0,0,0.000000000000000,,309160.498200001,5806709.9983
76,164,Location 164,1,1067044,0.267920384876297,1,0,0,0.000000000000000,,315752.973030676,5806789.99025277,160.000000000000000,164,2857,Location 2857,1,39555,0.236989653091739,1,0,0,0.000000000000000,,315848.488400002,5806886.5062
77,164,Location 164,1,1067044,0.267920384876297,1,0,0,0.000000000000000,,315752.973030676,5806789.99025277,160.000000000000000,164,2861,Location 2861,1,82940,0.402500322355017,1,0,0,0.000000000000000,,315687.0022,5806915.5204
78,101,Location 101,1,1071230,0.000000000000000,2,0,0,0.000000000000000,,307668.037144725,5806892.0546829,160.000000000000000,101,2875,Location 2875,1,748746,0.412023144458940,1,0,0,0.000000000000000,,307580.485000002,5806973.0006
79,166,Location 166,1,1064780,0.748277249658908,2,0,0,0.000000000000000,,314296.957847339,5807914.05207776,160.000000000000000,166,3017,Location 3017,1,267655,0.840618161118159,2,0,0,0.000000000000000,,314396.028600001,5807835.019
80,166,Location 166,1,1064780,0.748277249658908,2,0,0,0.000000000000000,,314296.957847339,5807914.05207776,160.000000000000000,166,3025,Location 3025,1,801244,0.960336671225584,2,0,0,0.000000000000000,,314249.4974,5807873.5073
81,11,Location 11,1,473690,0.564384472167127,2,0,0,0.000000000000000,,329184.007990935,5808018.0465241,160.000000000000000,11,3045,Location 3045,1,473690,0.286887682337738,2,0,0,0.000000000000000,,329210.0292,5808009.4838
82,121,Location 121,1,1061774,0.692409407335033,2,0,0,0.000000000000000,,325755.039755296,5808263.04345218,160.000000000000000,121,3074,Location 3074,1,826463,0.708266404326013,2,0,0,0.000000000000000,,325849.4958,5808173.4557
83,45,Location 45,1,421964,0.119245019000701,1,0,0,0.000000000000000,,349082.987565675,5808280.97766535,160.000000000000000,45,4946,Location 4946,1,421964,0.234286029550058,1,0,0,0.000000000000000,,349087.714500001,5808292.9886
84,121,Location 121,1,1061774,0.692409407335033,2,0,0,0.000000000000000,,325755.039755296,5808263.04345218,160.000000000000000,121,3106,Location 3106,1,96847,0.099257198244644,2,0,0,0.000000000000000,,325872.029700001,5808364.495
85,122,Location 122,1,150321,0.780705127433645,1,0,0,0.000000000000000,,325265.037197611,5808882.97928472,160.000000000000000,122,3177,Location 3177,1,34394,0.249902085533627,2,0,0,0.000000000000000,,325389.5152,5808909.9968
86,87,Location 87,1,973544,0.590297553822145,2,0,0,0.000000000000000,,327710.023622936,5809090.94889367,160.000000000000000,87,3182,Location 3182,1,37990,0.084702306396096,2,0,0,0.000000000000000,,327798.485000001,5808960.9756
87,167,Location 167,1,33923,0.100401737706150,2,0,0,0.000000000000000,,313779.008841422,5809524.95257929,160.000000000000000,167,3302,Location 3302,1,697290,0.909935444305620,2,0,0,0.000000000000000,,313695.194300001,5809570.6155
88,46,Location 46,1,193824,0.615598837341468,2,0,0,0.000000000000000,,347614.965664821,5810332.00403618,160.000000000000000,46,5049,Location 5049,1,966000,0.260354005306911,1,0,0,0.000000000000000,,347577.987500001,5810307.3421
89,46,Location 46,1,193824,0.615598837341468,2,0,0,0.000000000000000,,347614.965664821,5810332.00403618,160.000000000000000,46,5050,Location 5050,1,259566,0.380957073081238,2,0,0,0.000000000000000,,347484.031600001,5810405.0554
90,47,Location 47,1,1070078,0.714541993878220,2,0,0,0.000000000000000,,345511.966351285,5811781.02973061,160.000000000000000,47,9266,Location 9266,1,978036,0.589691980950794,1,0,0,0.000000000000000,,345596.0408,5811697.0234
91,47,Location 47,1,1070078,0.714541993878220,2,0,0,0.000000000000000,,345511.966351285,5811781.02973061,160.000000000000000,47,9272,Location 9272,1,975946,0.819718918762843,1,0,0,0.000000000000000,,345664.044500001,5811793.9857
92,71,Location 71,1,1066468,0.684044467171251,2,0,0,0.000000000000000,,332672.028006389,5811993.00677674,160.000000000000000,71,5156,Location 5156,1,1066468,0.220382502993925,2,0,0,0.000000000000000,,332614.9847,5811953.2415
93,69,Location 69,1,724926,0.242002151560960,2,0,0,0.000000000000000,,331127.978210644,5811924.0195254,160.000000000000000,69,5178,Location 5178,1,402394,0.954587738882966,1,0,0,0.000000000000000,,331133.006000001,5812026.4763
94,79,Location 79,1,229795,0.142049431173014,2,0,0,0.000000000000000,,328009.029466872,5812091.03474911,160.000000000000000,79,5191,Location 5191,1,30286,0.902769330682939,2,0,0,0.000000000000000,,327944.0077,5812111.9911
95,81,Location 81,1,464552,0.881166744989498,2,0,0,0.000000000000000,,325988.030014236,5812112.00174253,160.000000000000000,81,5200,Location 5200,1,838031,0.763046277780196,1,0,0,0.000000000000000,,326067.9577,5812166.9783
96,169,Location 169,1,30380,0.616388454040982,1,0,0,0.000000000000000,,314269.024674284,5812519.04992232,160.000000000000000,169,5256,Location 5256,1,820255,0.545588593947892,2,0,0,0.000000000000000,,314220.4922,5812474.4886
97,74,Location 74,1,1061762,0.343178531373558,2,0,0,0.000000000000000,,337173.040845869,5812535.97276515,160.000000000000000,74,5268,Location 5268,1,971926,0.880071556422827,2,0,0,0.000000000000000,,337224.1768,5812517.1518
98,209,Location 209,1,219027,0.502415098042256,1,0,0,0.000000000000000,,334655.006544431,5812579.96186162,160.000000000000000,209,5265,Location 5265,1,30090,0.781080193517998,2,0,0,0.000000000000000,,334756.6441,5812530.6334
99,75,Location 75,1,476530,0.938243114762256,2,0,0,0.000000000000000,,339364.024105722,5812520.0197029,160.000000000000000,75,5272,Location 5272,1,476051,0.180975549963176,2,0,0,0.000000000000000,,339463.994800001,5812549.9899
100,77,Location 77,1,1017582,0.098738852201738,1,0,0,0.000000000000000,,342763.01594628,5812781.98359208,160.000000000000000,77,5288,Location 5288,1,29553,0.951778217970025,2,0,0,0.000000000000000,,342856.027200001,5812730.0321
101,154,Location 154,1,1070637,0.000000000000000,2,0,0,0.000000000000000,,323201.019079723,5812815.99661063,160.000000000000000,154,5303,Location 5303,1,25924,0.504069452498367,2,0,0,0.000000000000000,,323110.506299999,5812800.5064
102,77,Location 77,1,1017582,0.098738852201738,1,0,0,0.000000000000000,,342763.01594628,5812781.98359208,160.000000000000000,77,5306,Location 5306,1,968630,0.094777223898257,2,0,0,0.000000000000000,,342749.485399999,5812816.9682
103,76,Location 76,1,1066454,0.683883028601948,1,0,0,0.000000000000000,,340862.044257015,5812836.98702835,160.000000000000000,76,5313,Location 5313,1,1066453,0.382624645692748,1,0,0,0.000000000000000,,340867.837800002,5812818.8478
104,78,Location 78,1,1036681,0.932141205356746,1,0,0,0.000000000000000,,344113.958487594,5813135.05284297,160.000000000000000,78,9341,Location 9341,1,1060250,0.356238378485207,2,0,0,0.000000000000000,,344173.8623,5813204.0238
105,153,Location 153,1,25703,0.493917944056939,2,0,0,0.000000000000000,,323284.976104541,5813323.03917226,160.000000000000000,153,5386,Location 5386,1,185157,0.475215209974685,1,0,0,0.000000000000000,,323172.9947,5813314.5256
106,55,Location 55,1,422385,0.296660156076549,1,0,0,0.000000000000000,,345974.00824961,5813605.00501368,160.000000000000000,55,9359,Location 9359,1,1014342,0.946720840491353,2,0,0,0.000000000000000,,345986.008600002,5813582.4753
107,149,Location 149,1,706739,0.946559690930205,2,0,0,0.000000000000000,,318785.985151122,5813678.98150436,160.000000000000000,149,5460,Location 5460,1,887762,0.421058310822843,1,0,0,0.000000000000000,,318887.520500001,5813618.4955
108,149,Location 149,1,706739,0.946559690930205,2,0,0,0.000000000000000,,318785.985151122,5813678.98150436,160.000000000000000,149,5489,Location 5489,1,798065,0.165767122090867,2,0,0,0.000000000000000,,318800.033600001,5813788.9824
109,193,Location 193,1,86771,1.000000000000000,1,0,0,0.000000000000000,,314370.993377676,5814002.96611348,160.000000000000000,193,5506,Location 5506,1,697237,0.155377671646862,2,0,0,0.000000000000000,,314460.490000001,5813886.0224
110,193,Location 193,1,86771,1.000000000000000,1,0,0,0.000000000000000,,314370.993377676,5814002.96611348,160.000000000000000,193,5512,Location 5512,1,26358,0.282854218394597,2,0,0,0.000000000000000,,314352.982900001,5813946.4921
111,152,Location 152,1,175988,0.661777453074683,2,0,0,0.000000000000000,,323381.029542462,5813976.9925811,160.000000000000000,152,5524,Location 5524,1,196861,0.381109022410228,2,0,0,0.000000000000000,,323246.9945,5813979.4978
112,192,Location 192,1,1032379,0.588575558765630,1,0,0,0.000000000000000,,313828.018839962,5814067.96768854,160.000000000000000,192,5527,Location 5527,1,1032380,0.902239745599841,2,0,0,0.000000000000000,,313796.5023,5813988.0088
113,151,Location 151,1,466447,0.417191772541432,2,0,0,0.000000000000000,,323429.962923659,5814573.97983467,160.000000000000000,151,5641,Location 5641,1,1067050,0.815848731960287,2,0,0,0.000000000000000,,323322.3968,5814492.2026
114,148,Location 148,1,934303,0.034666856926330,1,0,0,0.000000000000000,,318285.972010381,5815004.96971001,160.000000000000000,148,5723,Location 5723,1,794917,0.524262961673940,2,0,0,0.000000000000000,,318310.009000001,5814908.0252
115,208,Location 208,1,198862,0.379683185958667,1,0,0,0.000000000000000,,317787.96093898,5815048.0236146,160.000000000000000,208,5731,Location 5731,1,26834,0.849089237669026,1,0,0,0.000000000000000,,317739.491000002,5814975.5072
116,54,Location 54,1,966250,0.752610182930377,1,0,0,0.000000000000000,,348617.02024394,5815488.99716036,160.000000000000000,54,9486,Location 9486,1,1057962,0.687160667911900,1,0,0,0.000000000000000,,348561.766700001,5815431.3155
117,54,Location 54,1,966250,0.752610182930377,1,0,0,0.000000000000000,,348617.02024394,5815488.99716036,160.000000000000000,54,9494,Location 9494,1,426586,0.593956856873946,2,0,0,0.000000000000000,,348762.5554,5815531.4628
118,190,Location 190,1,1065885,0.947960496001274,2,0,0,0.000000000000000,,309175.981094874,5815435.03652592,160.000000000000000,190,5867,Location 5867,1,419444,0.684609213705751,2,0,0,0.000000000000000,,309176.3795,5815581.0721
119,54,Location 54,1,966250,0.752610182930377,1,0,0,0.000000000000000,,348617.02024394,5815488.99716036,160.000000000000000,54,9503,Location 9503,1,962250,0.904555651023818,2,0,0,0.000000000000000,,348644.0215,5815630.021
120,150,Location 150,1,1010695,0.937048673955804,2,0,0,0.000000000000000,,323490.025173523,5815741.050958,160.000000000000000,150,5898,Location 5898,1,765159,0.903844173983738,2,0,0,0.000000000000000,,323457.666300001,5815745.0196
121,189,Location 189,1,832243,0.069876769801204,2,0,0,0.000000000000000,,323211.992677393,5816339.01232889,160.000000000000000,189,6027,Location 6027,1,402951,0.797865857752937,2,0,0,0.000000000000000,,323089.9987,5816333.0016
122,146,Location 146,1,290623,0.152629155717291,2,0,0,0.000000000000000,,319674.976494505,5816486.99181473,160.000000000000000,146,6064,Location 6064,1,248197,0.950783131502624,1,0,0,0.000000000000000,,319539.0091,5816546.0194
123,104,Location 104,1,1065380,0.414247673526245,2,0,0,0.000000000000000,,323806.984279684,5816639.96618757,160.000000000000000,104,6068,Location 6068,1,88794,0.511746956238044,2,0,0,0.000000000000000,,323878.0209,5816552.9501
124,53,Location 53,1,1064802,0.377412406485413,1,0,0,0.000000000000000,,351395.965201749,5816725.98006738,160.000000000000000,53,9572,Location 9572,1,1061408,0.230618549345333,2,0,0,0.000000000000000,,351468.990600001,5816706.9835
125,106,Location 106,1,1061755,0.526192629869434,1,0,0,0.000000000000000,,325359.972980027,5816834.0280203,160.000000000000000,106,6102,Location 6102,1,459718,0.127765355904009,2,0,0,0.000000000000000,,325456.0147,5816748.9722
126,106,Location 106,1,1061755,0.526192629869434,1,0,0,0.000000000000000,,325359.972980027,5816834.0280203,160.000000000000000,106,6121,Location 6121,1,488185,0.681123387172251,2,0,0,0.000000000000000,,325435.488800001,5816865.0506
127,107,Location 107,1,1065921,0.479930132448981,2,0,0,0.000000000000000,,326622.006821082,5816946.95936866,160.000000000000000,107,6147,Location 6147,1,1065386,0.713548970535623,1,0,0,0.000000000000000,,326619.982400001,5816981.0002
128,206,Location 206,1,1068261,0.852881536057668,2,0,0,0.000000000000000,,316976.022670965,5817081.01006762,160.000000000000000,206,6161,Location 6161,1,21784,0.845839962378157,2,0,0,0.000000000000000,,316963.5078,5817025.499
129,108,Location 108,1,1061753,0.604393898287578,2,0,0,0.000000000000000,,327250.001030489,5817341.0457526,160.000000000000000,108,6218,Location 6218,1,898952,0.092674644951663,2,0,0,0.000000000000000,,327326.014500001,5817353.4617
130,187,Location 187,1,1068902,0.937238568474548,2,0,0,0.000000000000000,,323432.980623185,5817826.04095369,160.000000000000000,187,6341,Location 6341,1,20431,0.931620321058457,2,0,0,0.000000000000000,,323513.9802,5817920.0346
131,187,Location 187,1,1068902,0.937238568474548,2,0,0,0.000000000000000,,323432.980623185,5817826.04095369,160.000000000000000,187,6345,Location 6345,1,876660,0.273075520700197,1,0,0,0.000000000000000,,323379.986700001,5817943.03
132,109,Location 109,1,1065866,0.382203856252153,2,0,0,0.000000000000000,,327847.984005266,5818026.97133866,160.000000000000000,109,6362,Location 6362,1,91470,0.020478412281259,1,0,0,0.000000000000000,,328005.0238,5818003.4972
133,109,Location 109,1,1065866,0.382203856252153,2,0,0,0.000000000000000,,327847.984005266,5818026.97133866,160.000000000000000,109,6367,Location 6367,1,889254,0.851572376857325,2,0,0,0.000000000000000,,327812.6608,5818030.6734
134,144,Location 144,1,934179,0.209209599777614,2,0,0,0.000000000000000,,320284.041946432,5817995.95070402,160.000000000000000,144,6382,Location 6382,1,198167,0.376736387541763,1,0,0,0.000000000000000,,320324.9858,5818098.5384
135,205,Location 205,1,1068253,0.638344484542094,2,0,0,0.000000000000000,,316718.027618524,5818140.96327686,160.000000000000000,205,6383,Location 6383,1,1068253,0.814164963320145,2,0,0,0.000000000000000,,316720.020100001,5818107.0319
136,174,Location 174,1,1063640,0.515482302558421,1,0,0,0.000000000000000,,307042.96939822,5818829.98066765,160.000000000000000,174,6533,Location 6533,1,15932,0.798449875585605,2,0,0,0.000000000000000,,307040.0399,5818751.9698
137,174,Location 174,1,1063640,0.515482302558421,1,0,0,0.000000000000000,,307042.96939822,5818829.98066765,160.000000000000000,174,6535,Location 6535,1,1063638,0.404783566361965,2,0,0,0.000000000000000,,307157.0077,5818764.976
138,143,Location 143,1,307034,0.256265043093929,2,0,0,0.000000000000000,,320364.99609218,5818717.00322878,160.000000000000000,143,6542,Location 6542,1,1067078,0.173298624803831,1,0,0,0.000000000000000,,320373.508900001,5818793.4605
139,204,Location 204,1,1068245,0.656989001828458,1,0,0,0.000000000000000,,316433.044713923,5819210.96725541,160.000000000000000,204,6633,Location 6633,1,775958,0.499151204768807,2,0,0,0.000000000000000,,316585.031600001,5819198.0297
140,204,Location 204,1,1068245,0.656989001828458,1,0,0,0.000000000000000,,316433.044713923,5819210.96725541,160.000000000000000,204,6640,Location 6640,1,1068248,0.355808352716896,1,0,0,0.000000000000000,,316449.179500001,5819206.3502
141,111,Location 111,1,1061748,0.828912934625069,1,0,0,0.000000000000000,,329165.042175876,5819366.99358286,160.000000000000000,111,6665,Location 6665,1,1064195,0.373054092691082,2,0,0,0.000000000000000,,329233.2486,5819347.2598
142,142,Location 142,1,1068874,0.544716849107290,2,0,0,0.000000000000000,,320448.997554515,5819468.98262896,160.000000000000000,142,6676,Location 6676,1,15826,0.951952831786923,2,0,0,0.000000000000000,,320393.010800002,5819400.9864
143,52,Location 52,1,421967,0.847985004121761,1,0,0,0.000000000000000,,354447.97922757,5820024.97442553,160.000000000000000,52,9795,Location 9795,1,1071256,0.589511546076324,1,0,0,0.000000000000000,,354394.426500001,5819923.1506
144,173,Location 173,1,1065339,0.375941532867619,1,0,0,0.000000000000000,,306170.959441485,5820214.03388092,160.000000000000000,173,6866,Location 6866,1,1065339,0.252564312214601,2,0,0,0.000000000000000,,306196.8061,5820248.4051
145,202,Location 202,1,473090,0.023977419856730,2,0,0,0.000000000000000,,317382.024620599,5820611.03644387,160.000000000000000,202,6921,Location 6921,1,749014,0.766709655351485,2,0,0,0.000000000000000,,317524.5182,5820616.0238
146,202,Location 202,1,473090,0.023977419856730,2,0,0,0.000000000000000,,317382.024620599,5820611.03644387,160.000000000000000,202,6922,Location 6922,1,473090,0.009837840916286,2,0,0,0.000000000000000,,317371.965800002,5820627.0237
147,112,Location 112,1,1065846,0.758356706168721,2,0,0,0.000000000000000,,329612.975341816,5820951.95522734,160.000000000000000,112,6987,Location 6987,1,1032958,0.251848511402282,1,0,0,0.000000000000000,,329646.9957,5820943.4989
148,141,Location 141,1,873109,0.709223369123518,1,0,0,0.000000000000000,,320552.970266997,5820819.00181065,160.000000000000000,141,6993,Location 6993,1,856923,0.749027042386754,1,0,0,0.000000000000000,,320590.7574,5820971.4727
149,183,Location 183,1,997402,0.436349797961321,1,0,0,0.000000000000000,,323821.000959269,5821297.02684181,160.000000000000000,183,7077,Location 7077,1,1004143,0.916179175813806,1,0,0,0.000000000000000,,323894.4924,5821406.5034
150,140,Location 140,1,306920,0.873224904066409,1,0,0,0.000000000000000,,320488.039872994,5821796.98442463,160.000000000000000,140,7150,Location 7150,1,13530,0.190123656592763,2,0,0,0.000000000000000,,320495.001900001,5821770.4901
151,172,Location 172,1,696535,0.622892480127175,1,0,0,0.000000000000000,,305573.993337849,5821930.0380763,160.000000000000000,172,7166,Location 7166,1,700884,0.708563429248268,1,0,0,0.000000000000000,,305624.988300001,5821843.0312
152,201,Location 201,1,397356,0.317277640805199,1,0,0,0.000000000000000,,317428.033218531,5822036.99585142,160.000000000000000,201,7227,Location 7227,1,12469,0.748290293677319,1,0,0,0.000000000000000,,317425.026000001,5822161.0494
153,182,Location 182,1,703103,0.208431403303020,1,0,0,0.000000000000000,,323995.039272628,5822440.97555932,160.000000000000000,182,7278,Location 7278,1,761314,0.752319907860579,2,0,0,0.000000000000000,,324021.0097,5822430.9867
154,156,Location 156,1,1060818,0.495514362694375,2,0,0,0.000000000000000,,329838.971092925,5822829.03332115,160.000000000000000,156,7352,Location 7352,1,181654,0.211877123260279,1,0,0,0.000000000000000,,329767.964000001,5822797.9863
155,139,Location 139,1,288101,0.145309780277580,2,0,0,0.000000000000000,,320323.040271889,5823190.98890744,160.000000000000000,139,7431,Location 7431,1,465204,0.424187842289385,1,0,0,0.000000000000000,,320228.012800001,5823179.5406
156,181,Location 181,1,401373,0.687351151764405,2,0,0,0.000000000000000,,324340.015945442,5823726.99116399,160.000000000000000,181,7542,Location 7542,1,377195,0.027518933492962,1,0,0,0.000000000000000,,324441.5,5823732.2583
157,181,Location 181,1,401373,0.687351151764405,2,0,0,0.000000000000000,,324340.015945442,5823726.99116399,160.000000000000000,181,7567,Location 7567,1,761907,0.820912972039065,2,0,0,0.000000000000000,,324278.983900001,5823802.9974
158,160,Location 160,1,900447,0.257881800451859,1,0,0,0.000000000000000,,336745.998992831,5824351.96373275,160.000000000000000,160,7654,Location 7654,1,900117,0.428112508850357,2,0,0,0.000000000000000,,336792.998700001,5824214.0308
159,160,Location 160,1,900447,0.257881800451859,1,0,0,0.000000000000000,,336745.998992831,5824351.96373275,160.000000000000000,160,7696,Location 7696,1,900497,0.464640712536648,1,0,0,0.000000000000000,,336798.131900001,5824401.4229
160,157,Location 157,1,1060602,0.480069026648062,2,0,0,0.000000000000000,,331095.966448025,5824525.9968664,160.000000000000000,157,7720,Location 7720,1,1021843,0.016155722786861,1,0,0,0.000000000000000,,331127.029200001,5824532.9611
161,157,Location 157,1,1060602,0.480069026648062,2,0,0,0.000000000000000,,331095.966448025,5824525.9968664,160.000000000000000,157,7734,Location 7734,1,173779,0.247480586271750,1,0,0,0.000000000000000,,330958.4763,5824603.4926
162,180,Location 180,1,1006028,0.564366068861636,2,0,0,0.000000000000000,,324541.03487727,5824728.94923801,160.000000000000000,180,7790,Location 7790,1,1068892,0.018302662963098,1,0,0,0.000000000000000,,324511.000500001,5824779.0407
163,199,Location 199,1,1067656,0.381013416285256,2,0,0,0.000000000000000,,316395.963574376,5824925.03596315,160.000000000000000,199,7806,Location 7806,1,1067659,0.180520565875648,2,0,0,0.000000000000000,,316420.9887,5824920.6322
164,171,Location 171,1,473050,0.867715270564056,1,0,0,0.000000000000000,,303775.960679069,5825012.96791647,160.000000000000000,171,7858,Location 7858,1,1065329,0.676095310874388,2,0,0,0.000000000000000,,303768.1265,5825058.6242
165,137,Location 137,1,1068870,0.722035822646807,1,0,0,0.000000000000000,,320058.971436162,5825433.99916937,160.000000000000000,137,7890,Location 7890,1,239076,0.951895527529474,2,0,0,0.000000000000000,,320043.0235,5825298.9879
166,158,Location 158,1,1065849,0.538847475118928,1,0,0,0.000000000000000,,333235.96380236,5825347.00829066,160.000000000000000,158,7913,Location 7913,1,1021851,0.825287666838486,2,0,0,0.000000000000000,,333114.023600001,5825400.3409
167,137,Location 137,1,1068870,0.722035822646807,1,0,0,0.000000000000000,,320058.971436162,5825433.99916937,160.000000000000000,137,7936,Location 7936,1,788432,0.474018365628398,2,0,0,0.000000000000000,,320186.2639,5825436.992
168,137,Location 137,1,1068870,0.722035822646807,1,0,0,0.000000000000000,,320058.971436162,5825433.99916937,160.000000000000000,137,7933,Location 7933,1,1068871,0.053754019667065,1,0,0,0.000000000000000,,320028.526000001,5825485.5136
169,179,Location 179,1,1042217,0.002915590623738,2,0,0,0.000000000000000,,324719.015787269,5826179.01391958,160.000000000000000,179,8066,Location 8066,1,1042218,0.132752806383425,1,0,0,0.000000000000000,,324816.5136,5826165.4855
170,179,Location 179,1,1042217,0.002915590623738,2,0,0,0.000000000000000,,324719.015787269,5826179.01391958,160.000000000000000,179,8096,Location 8096,1,1040434,0.395063821029315,2,0,0,0.000000000000000,,324704.032900001,5826315.0247
171,197,Location 197,1,1071852,1.000000000000000,2,0,0,0.000000000000000,,316553.980295789,5827314.02900564,160.000000000000000,197,8253,Location 8253,1,1071852,1.000000000000000,1,0,0,0.000000000000000,,316513.543400001,5827290.9137
172,178,Location 178,1,1064199,0.137238324455200,2,0,0,0.000000000000000,,324896.011204773,5827796.01021696,160.000000000000000,178,8333,Location 8333,1,1064199,0.326560198521726,2,0,0,0.000000000000000,,324892.489000002,5827769.375
173,161,Location 161,1,1025628,0.478248758267275,2,0,0,0.000000000000000,,337599.982149443,5828837.048523,160.000000000000000,161,8448,Location 8448,1,211384,0.528211912999514,1,0,0,0.000000000000000,,337704.0355,5828726.0362
174,161,Location 161,1,1025628,0.478248758267275,2,0,0,0.000000000000000,,337599.982149443,5828837.048523,160.000000000000000,161,8469,Location 8469,1,1025628,0.821371625739564,1,0,0,0.000000000000000,,337583.3155,5828847.0066
175,136,Location 136,1,1068271,0.283045983416650,2,0,0,0.000000000000000,,318905.005922373,5829249.97678596,160.000000000000000,136,8500,Location 8500,1,1068267,0.657889270397665,2,0,0,0.000000000000000,,318883.987200002,5829216.9916
176,177,Location 177,1,1030858,0.710666801787230,2,0,0,0.000000000000000,,325118.985831494,5829408.97168708,160.000000000000000,177,8525,Location 8525,1,456369,0.468738011387822,1,0,0,0.000000000000000,,325163.6618,5829381.351
177,177,Location 177,1,1030858,0.710666801787230,2,0,0,0.000000000000000,,325118.985831494,5829408.97168708,160.000000000000000,177,8535,Location 8535,1,1030855,0.482666310259167,1,0,0,0.000000000000000,,325088.4858,5829491.4731
178,213,Location 213,1,472491,0.708110452021484,2,0,0,0.000000000000000,,317068.039366256,5829772.94891085,160.000000000000000,213,8553,Location 8553,1,783451,0.254385112009758,2,0,0,0.000000000000000,,317193.496400001,5829686.9618
179,213,Location 213,1,472491,0.708110452021484,2,0,0,0.000000000000000,,317068.039366256,5829772.94891085,160.000000000000000,213,8560,Location 8560,1,783456,0.455524494848833,1,0,0,0.000000000000000,,316970.479600002,5829830.0144
180,213,Location 213,1,472491,0.708110452021484,2,0,0,0.000000000000000,,317068.039366256,5829772.94891085,160.000000000000000,213,8568,Location 8568,1,1066526,0.481583858325773,2,0,0,0.000000000000000,,317112.483200001,5829882.006
181,162,Location 162,1,1027256,0.835979297327518,2,0,0,0.000000000000000,,339618.041318623,5829911.99236453,160.000000000000000,162,8575,Location 8575,1,1027260,0.045250701645905,2,0,0,0.000000000000000,,339689.463700001,5829916.5428
182,176,Location 176,1,873899,0.358148250123112,1,0,0,0.000000000000000,,326228.027628596,5830927.01691193,160.000000000000000,176,8663,Location 8663,1,1059906,0.920463677161471,1,0,0,0.000000000000000,,326298.4419,5830921.2951
183,216,Location 216,1,1068887,0.517212902290318,2,0,0,0.000000000000000,,329476.963070869,5831352.97675562,160.000000000000000,216,8699,Location 8699,1,1068887,0.709970816477724,1,0,0,0.000000000000000,,329508.2805,5831325.3554
184,211,Location 211,1,291210,0.250291285802740,2,0,0,0.000000000000000,,317837.027542877,5832318.02359339,160.000000000000000,211,8778,Location 8778,1,291210,0.620451819750053,2,0,0,0.000000000000000,,317802.9875,5832262.5869
185,2,Location 2,1,1061731,0.722837958017900,2,0,0,0.000000000000000,,298791.96237446,5833121.94533856,160.000000000000000,2,8815,Location 8815,1,1065303,0.571372643825998,2,0,0,0.000000000000000,,298850.4734,5833072.5149
186,220,Location 220,1,1068283,0.381327050835497,1,0,0,0.000000000000000,,332096.984990234,5834310.94980014,160.000000000000000,220,8873,Location 8873,1,59464,0.064823194446921,2,0,0,0.000000000000000,,332065.009100002,5834251.025
187,220,Location 220,1,1068283,0.381327050835497,1,0,0,0.000000000000000,,332096.984990234,5834310.94980014,160.000000000000000,220,8881,Location 8881,1,857275,0.726649791362568,2,0,0,0.000000000000000,,332164.978299999,5834306.5017
188,220,Location 220,1,1068283,0.381327050835497,1,0,0,0.000000000000000,,332096.984990234,5834310.94980014,160.000000000000000,220,8884,Location 8884,1,59485,0.019933328784032,2,0,0,0.000000000000000,,331954.3316,5834355.9749
189,212,Location 212,1,1066500,0.108732451614040,2,0,0,0.000000000000000,,318446.972608655,5836373.98884689,160.000000000000000,212,8971,Location 8971,1,1066500,0.709648864465107,1,0,0,0.000000000000000,,318436.9862,5836406.9683
190,221,Location 221,1,1078595,0.602017181709883,2,0,0,0.000000000000000,,332359.000917865,5836585.99705874,160.000000000000000,221,8985,Location 8985,1,1078595,0.429663183691114,2,0,0,0.000000000000000,,332388.4979,5836615.2605
191,1,Location 1,1,1064757,0.326937349389012,2,0,0,0.000000000000000,,299316.019388703,5838455.99731389,160.000000000000000,1,9110,Location 9110,1,472479,0.570912889412742,2,0,0,0.000000000000000,,299432.851600001,5838486.4243